(176.117623569, 126.344612259, 0.000000000) (176.117623569, 1.344612259, 0.000000000) 1.500000 2.500000
(178.117623569, 1.427945592, 0.000000000) (178.117623569, -25.822054408, 0.000000000) 1.500000 2.500000
(178.117623569, -25.822054408, 0.000000000) (162.617623569, -25.822054408, 0.000000000) 1.500000 2.500000
(162.617623569, -25.822054408, 0.000000000) (162.617623569, -23.822054408, 0.000000000) 1.500000 2.500000
(162.617623569, -23.822054408, 0.000000000) (94.284290236, -23.822054408, 0.000000000) 1.500000 2.500000
(94.284290236, -23.822054408, 0.000000000) (94.284290236, 81.438362259, 0.000000000) 1.500000 2.500000
(94.284290236, 81.438362259, 0.000000000) (80.700956903, 81.438362259, 0.000000000) 1.500000 2.500000
(80.700956903, 100.896695592, 0.000000000) (80.700956903, 76.427945592, 0.000000000) 2.000000 2.500000
(80.700956903, 76.427945592, 0.000000000) (30.367623569, 76.427945592, 0.000000000) 2.000000 2.500000
(30.388456903, 76.448778926, 0.000000000) (30.388456903, 156.740445592, 0.000000000) 0.833333 22.000000
(30.367623569, 156.761278926, 0.000000000) (92.367623569, 156.761278926, 0.000000000) 2.000000 2.500000
(92.367623569, 156.761278926, 0.000000000) (92.367623569, 100.896695592, 0.000000000) 2.000000 2.500000
(92.367623569, 128.011278926, 0.000000000) (118.690540236, 128.011278926, 0.000000000) 1.500000 2.500000
(94.700956903, 100.896695592, 0.000000000) (80.700956903, 100.896695592, 0.000000000) 2.000000 2.500000
(172.242623569, 127.125862259, 0.000000000) (172.242623569, 116.344612259, 0.000000000) 1.000000 2.500000
(176.117623569, 116.344612259, 0.000000000) (172.242623569, 116.344612259, 0.000000000) 1.500000 2.500000
(140.617623569, 123.802945592, 0.000000000) (129.919706903, 123.802945592, 0.000000000) 1.000000 2.500000
(140.617623569, 128.011278926, 0.000000000) (140.617623569, 123.802945592, 0.000000000) 1.500000 2.500000
(30.388456903, 156.740445592, 0.000000000) (92.346790236, 156.740445592, 0.000000000) 0.833333 22.000000
(30.388456903, 76.448778926, 0.000000000) (80.680123569, 76.448778926, 0.000000000) 0.833333 22.000000
(80.680123569, 76.448778926, 0.000000000) (80.680123569, 101.188362259, 0.000000000) 0.833333 22.000000
(92.346790236, 101.188362259, 0.000000000) (92.346790236, 156.740445592, 0.000000000) 0.833333 22.000000
(80.680123569, 101.188362259, 0.000000000) (92.346790236, 101.188362259, 0.000000000) 0.833333 22.000000
(119.846790236, 119.375862259, 0.000000000) (119.846790236, 128.146695592, 0.000000000) 1.000000 5.833333
(129.805123569, 119.375862259, 0.000000000) (119.846790236, 119.375862259, 0.000000000) 1.000000 5.833333
(129.919706903, 128.209195592, 0.000000000) (129.919706903, 123.802945592, 0.000000000) 1.229167 5.833333
(129.919706903, 128.011278926, 0.000000000) (170.773873569, 128.011278926, 0.000000000) 1.500000 2.500000
(119.846790236, 128.146695592, 0.000000000) (129.919706903, 128.146695592, 0.000000000) 1.229167 5.833333
(30.367623569, 156.761278926, 0.000000000) (30.367623569, 76.427945592, 0.000000000) 2.000000 2.500000
(129.805123569, 123.802945592, 0.000000000) (129.805123569, 119.375862259, 0.000000000) 1.000000 5.833333
